---------------------------------------------
    Number   Squared     Cubed    Square-Root
---------------------------------------------
         5        25       125     2.23606798
         8        64       512     2.82842712
        11       121      1331     3.31662479
        14       196      2744     3.74165739
        17       289      4913     4.12310563
        20       400      8000     4.47213595
        23       529     12167     4.79583152
        26       676     17576     5.09901951
        29       841     24389     5.38516481
        32      1024     32768     5.65685425
        35      1225     42875     5.91607978
---------------------------------------------
